240 240 240 240 240 240 240 240 240 240 240 240 240 240 240 240
240 240 240 240 240 240 240 240 240 240 240 240 240 240 240 240
240 240 240 240 240  26   0   0   0   0   0 221 240 240 240 240
240 240 240 240  56   0 240 240 240 240 221   0 206 240 240 240
240 240 240  56   0 240 240 240 240 240 240 206   0 221 240 240
240 240  26   0 240 240   0 240 240   0 240 240 221   0 240 240
240 240   0 240 240 240   0 240 240   0 240 240 240  30  30 240
240 240   0 240 240 240 240 240 240   0 240 240 240  30  30 240
240 240   0 240 240 240 240   0   0 131 240 240 240  30  30 240
240 240   0 240 240 240 240 240 240 240 240 240 240   3  30 240
240 240 213   0 228 240 240   0 240 240 240 240   0   0 240 240
240 240 240 183   0 228 240 240 240 240 240   0   0 240 240 240
240 240 240 240 183   0  90  90  90  90   0   0 240 240 240 240
240 240 240 240 240 213   0   0   0   0   0 240 240 240 240 240
240 240 240 240 240 240 240 240 240 240 240 240 240 240 240 240
240 240 240 240 240 240 240 240 240 240 240 240 240 240 240 240
240 240 240 240 240 240 240 240 240 240 240 240 240 240 240 240
240 240 240 240 240 240 240 240 240 240 240 240 240 240 240 240
240 240 240 240 240  26   0   0   0   0   0 221 240 240 240 240
240 240 240 240  56   0 240 240 240 240 221   0 206 240 240 240
240 240 240  56   0 240 240 240 240 240 240 206   0 221 240 240
240 240  26   0 240 240   0 240 240   0 240 240 221   0 240 240
240 240   0 240 240 240   0 240 240   0 240 240 240  30  30 240
240 240   0 240 240 240 240 240 240   0 240 240 240  30  30 240
240 240   0 240 240 240 240   0   0 131 240 240 240  30  30 240
240 240   0 240 240 240 240 240 240 240 240 240 240   3  30 240
240 240 213   0 228 240 240   0 240 240 240 240   0   0 240 240
240 240 240 183   0 228 240 240 240 240 240   0   0 240 240 240
240 240 240 240 183   0  90  90  90  90   0   0 240 240 240 240
240 240 240 240 240 213   0   0   0   0   0 240 240 240 240 240
240 240 240 240 240 240 240 240 240 240 240 240 240 240 240 240
240 240 240 240 240 240 240 240 240 240 240 240 240 240 240 240
240 240 240 240 240 240 240 240 240 240 240 240 240 240 240 240
240 240 240 240 240 240 240 240 240 240 240 240 240 240 240 240
240 240 240 240 240  26   0   0   0   0   0 221 240 240 240 240
240 240 240 240  56   0 240 240 240 240 221   0 206 240 240 240
240 240 240  56   0 240 240 240 240 240 240 206   0 221 240 240
240 240  26   0 240 240   0 240 240   0 240 240 221   0 240 240
240 240   0 240 240 240   0 240 240   0 240 240 240  30  30 240
240 240   0 240 240 240 240 240 240   0 240 240 240  30  30 240
240 240   0 240 240 240 240   0   0 131 240 240 240  30  30 240
240 240   0 240 240 240 240 240 240 240 240 240 240   3  30 240
240 240 213   0 228 240 240   0 240 240 240 240   0   0 240 240
240 240 240 183   0 228 240 240 240 240 240   0   0 240 240 240
240 240 240 240 183   0  90  90  90  90   0   0 240 240 240 240
240 240 240 240 240 213   0   0   0   0   0 240 240 240 240 240
240 240 240 240 240 240 240 240 240 240 240 240 240 240 240 240
240 240 240 240 240 240 240 240 240 240 240 240 240 240 240 240

240 240 240 240 240 240 240 240 240 240 240 240 240 240 240 240
240 240 240 240 240 240  30  30  30  30 240 240 240 240 240 240
240 240 240 240 221   0  30  30  30   4   0 240 240 240 240 240
240 240 240 206   0 221 240 240 240 240   0   0 240 240 240 240
240 240 221   0 206 240 240 240 240 240 240   0   0 240 240 240
240 240   0 221 240 240 240 240 240 240 240 240   0   0 240 240
240 240   0 240 240   0   0   0 131 240 240 240  90   0 240 240
240 240   0 240 240 240 240 240   0 240 240 240  90   0 240 240
240 240   0 240 240 240 240 240   0 240   0 240  90   0 240 240
240 240   0 240 240   0   0 240 240 240 240 240  90   0 240 240
240 240  26   0 240 240 240 240 240 240 240 229   0 214 240 240
240 240 240  56   0 240 240 240 240 240 229   0 184 240 240 240
240 240 240 240  56   0 240 240 240 240   0 184 240 240 240 240
240 240 240 240 240  26   0   0   0   0 214 240 240 240 240 240
240 240 240 240 240 240 240 240 240 240 240 240 240 240 240 240
240 240 240 240 240 240 240 240 240 240 240 240 240 240 240 240
240 240 240 240 240 240 240 240 240 240 240 240 240 240 240 240
240 240 240 240 240 240  30  30  30  30 240 240 240 240 240 240
240 240 240 240 221   0  30  30  30   4   0 240 240 240 240 240
240 240 240 206   0 221 240 240 240 240   0   0 240 240 240 240
240 240 221   0 206 240 240 240 240 240 240   0   0 240 240 240
240 240   0 221 240 240 240 240 240 240 240 240   0   0 240 240
240 240   0 240 240   0   0   0 131 240 240 240  90   0 240 240
240 240   0 240 240 240 240 240   0 240 240 240  90   0 240 240
240 240   0 240 240 240 240 240   0 240   0 240  90   0 240 240
240 240   0 240 240   0   0 240 240 240 240 240  90   0 240 240
240 240  26   0 240 240 240 240 240 240 240 229   0 214 240 240
240 240 240  56   0 240 240 240 240 240 229   0 184 240 240 240
240 240 240 240  56   0 240 240 240 240   0 184 240 240 240 240
240 240 240 240 240  26   0   0   0   0 214 240 240 240 240 240
240 240 240 240 240 240 240 240 240 240 240 240 240 240 240 240
240 240 240 240 240 240 240 240 240 240 240 240 240 240 240 240
240 240 240 240 240 240 240 240 240 240 240 240 240 240 240 240
240 240 240 240 240 240  30  30  30  30 240 240 240 240 240 240
240 240 240 240 221   0  30  30  30   4   0 240 240 240 240 240
240 240 240 206   0 221 240 240 240 240   0   0 240 240 240 240
240 240 221   0 206 240 240 240 240 240 240   0   0 240 240 240
240 240   0 221 240 240 240 240 240 240 240 240   0   0 240 240
240 240   0 240 240   0   0   0 131 240 240 240  90   0 240 240
240 240   0 240 240 240 240 240   0 240 240 240  90   0 240 240
240 240   0 240 240 240 240 240   0 240   0 240  90   0 240 240
240 240   0 240 240   0   0 240 240 240 240 240  90   0 240 240
240 240  26   0 240 240 240 240 240 240 240 229   0 214 240 240
240 240 240  56   0 240 240 240 240 240 229   0 184 240 240 240
240 240 240 240  56   0 240 240 240 240   0 184 240 240 240 240
240 240 240 240 240  26   0   0   0   0 214 240 240 240 240 240
240 240 240 240 240 240 240 240 240 240 240 240 240 240 240 240
240 240 240 240 240 240 240 240 240 240 240 240 240 240 240 240

240 240 240 240 240 240 240 240 240 240 240 240 240 240 240 240
240 240 240 240 240 240 240 240 240 240 240 240 240 240 240 240
240 240 240 240 240   0   0   0   0   0 214 240 240 240 240 240
240 240 240 240   0   0  90  90  90  90   0 184 240 240 240 240
240 240 240   0   0 240 240 240 240 240 229   0 184 240 240 240
240 240   0   0 240 240 240 240   0 240 240 229   0 214 240 240
240  30   4 240 240 240 240 240 240 240 240 240 240   0 240 240
240  30  30 240 240 240 131   0   0 240 240 240 240   0 240 240
240  30  30 240 240 240   0 240 240 240 240 240 240   0 240 240
240  30  30 240 240 240   0 240 240   0 240 240 240   0 240 240
240 240   0 221 240 240   0 240 240   0 240 240   0  26 240 240
240 240 221   0 206 240 240 240 240 240 240   0  56 240 240 240
240 240 240 206   0 221 240 240 240 240   0  56 240 240 240 240
240 240 240 240 221   0   0   0   0   0  26 240 240 240 240 240
240 240 240 240 240 240 240 240 240 240 240 240 240 240 240 240
240 240 240 240 240 240 240 240 240 240 240 240 240 240 240 240
240 240 240 240 240 240 240 240 240 240 240 240 240 240 240 240
240 240 240 240 240 240 240 240 240 240 240 240 240 240 240 240
240 240 240 240 240   0   0   0   0   0 214 240 240 240 240 240
240 240 240 240   0   0  90  90  90  90   0 184 240 240 240 240
240 240 240   0   0 240 240 240 240 240 229   0 184 240 240 240
240 240   0   0 240 240 240 240   0 240 240 229   0 214 240 240
240  30   4 240 240 240 240 240 240 240 240 240 240   0 240 240
240  30  30 240 240 240 131   0   0 240 240 240 240   0 240 240
240  30  30 240 240 240   0 240 240 240 240 240 240   0 240 240
240  30  30 240 240 240   0 240 240   0 240 240 240   0 240 240
240 240   0 221 240 240   0 240 240   0 240 240   0  26 240 240
240 240 221   0 206 240 240 240 240 240 240   0  56 240 240 240
240 240 240 206   0 221 240 240 240 240   0  56 240 240 240 240
240 240 240 240 221   0   0   0   0   0  26 240 240 240 240 240
240 240 240 240 240 240 240 240 240 240 240 240 240 240 240 240
240 240 240 240 240 240 240 240 240 240 240 240 240 240 240 240
240 240 240 240 240 240 240 240 240 240 240 240 240 240 240 240
240 240 240 240 240 240 240 240 240 240 240 240 240 240 240 240
240 240 240 240 240   0   0   0   0   0 214 240 240 240 240 240
240 240 240 240   0   0  90  90  90  90   0 184 240 240 240 240
240 240 240   0   0 240 240 240 240 240 229   0 184 240 240 240
240 240   0   0 240 240 240 240   0 240 240 229   0 214 240 240
240  30   4 240 240 240 240 240 240 240 240 240 240   0 240 240
240  30  30 240 240 240 131   0   0 240 240 240 240   0 240 240
240  30  30 240 240 240   0 240 240 240 240 240 240   0 240 240
240  30  30 240 240 240   0 240 240   0 240 240 240   0 240 240
240 240   0 221 240 240   0 240 240   0 240 240   0  26 240 240
240 240 221   0 206 240 240 240 240 240 240   0  56 240 240 240
240 240 240 206   0 221 240 240 240 240   0  56 240 240 240 240
240 240 240 240 221   0   0   0   0   0  26 240 240 240 240 240
240 240 240 240 240 240 240 240 240 240 240 240 240 240 240 240
240 240 240 240 240 240 240 240 240 240 240 240 240 240 240 240

240 240 240 240 240 240 240 240 240 240 240 240 240 240 240 240
240 240 240 240 240 240 240 240 240 240 240 240 240 240 240 240
240 240 240 240 240 214   0   0   0   0  26 240 240 240 240 240
240 240 240 240 184   0 240 240 240 240   0  56 240 240 240 240
240 240 240 184   0 229 240 240 240 240 240   0  56 240 240 240
240 240 214   0 229 240 240 240 240 240 240 240   0  26 240 240
240 240   0  90 240 240 240 240 240   0   0 240 240   0 240 240
240 240   0  90 240   0 240   0 240 240 240 240 240   0 240 240
240 240   0  90 240 240 240   0 240 240 240 240 240   0 240 240
240 240   0  90 240 240 240 131   0   0   0 240 240   0 240 240
240 240   0   0 240 240 240 240 240 240 240 240 221   0 240 240
240 240 240   0   0 240 240 240 240 240 240 206   0 221 240 240
240 240 240 240   0   0 240 240 240 240 221   0 206 240 240 240
240 240 240 240 240   0   4  30  30  30   0 221 240 240 240 240
240 240 240 240 240 240  30  30  30  30 240 240 240 240 240 240
240 240 240 240 240 240 240 240 240 240 240 240 240 240 240 240
240 240 240 240 240 240 240 240 240 240 240 240 240 240 240 240
240 240 240 240 240 240 240 240 240 240 240 240 240 240 240 240
240 240 240 240 240 214   0   0   0   0  26 240 240 240 240 240
240 240 240 240 184   0 240 240 240 240   0  56 240 240 240 240
240 240 240 184   0 229 240 240 240 240 240   0  56 240 240 240
240 240 214   0 229 240 240 240 240 240 240 240   0  26 240 240
240 240   0  90 240 240 240 240 240   0   0 240 240   0 240 240
240 240   0  90 240   0 240   0 240 240 240 240 240   0 240 240
240 240   0  90 240 240 240   0 240 240 240 240 240   0 240 240
240 240   0  90 240 240 240 131   0   0   0 240 240   0 240 240
240 240   0   0 240 240 240 240 240 240 240 240 221   0 240 240
240 240 240   0   0 240 240 240 240 240 240 206   0 221 240 240
240 240 240 240   0   0 240 240 240 240 221   0 206 240 240 240
240 240 240 240 240   0   4  30  30  30   0 221 240 240 240 240
240 240 240 240 240 240  30  30  30  30 240 240 240 240 240 240
240 240 240 240 240 240 240 240 240 240 240 240 240 240 240 240
240 240 240 240 240 240 240 240 240 240 240 240 240 240 240 240
240 240 240 240 240 240 240 240 240 240 240 240 240 240 240 240
240 240 240 240 240 214   0   0   0   0  26 240 240 240 240 240
240 240 240 240 184   0 240 240 240 240   0  56 240 240 240 240
240 240 240 184   0 229 240 240 240 240 240   0  56 240 240 240
240 240 214   0 229 240 240 240 240 240 240 240   0  26 240 240
240 240   0  90 240 240 240 240 240   0   0 240 240   0 240 240
240 240   0  90 240   0 240   0 240 240 240 240 240   0 240 240
240 240   0  90 240 240 240   0 240 240 240 240 240   0 240 240
240 240   0  90 240 240 240 131   0   0   0 240 240   0 240 240
240 240   0   0 240 240 240 240 240 240 240 240 221   0 240 240
240 240 240   0   0 240 240 240 240 240 240 206   0 221 240 240
240 240 240 240   0   0 240 240 240 240 221   0 206 240 240 240
240 240 240 240 240   0   4  30  30  30   0 221 240 240 240 240
240 240 240 240 240 240  30  30  30  30 240 240 240 240 240 240
240 240 240 240 240 240 240 240 240 240 240 240 240 240 240 240
